NbChain: 8
Gamma: 3
0 3 25.230000 97.240000 14.000000 98.000000 16.000000 94.000000 
1 3 14.050000 98.120000 16.000000 96.000000 20.000000 92.000000 
2 3 16.300000 97.380000 16.000000 97.000000 25.000000 97.000000 
3 4 16.470000 96.100000 20.000000 94.000000 22.000000 93.000000 25.000000 97.000000 
4 4 22.390000 93.370000 20.000000 94.000000 17.000000 96.000000 16.000000 97.000000 
5 5 14.050000 98.120000 16.000000 94.000000 20.000000 92.000000 22.000000 93.000000 21.000000 95.000000 
6 5 14.050000 98.120000 16.000000 94.000000 20.000000 92.000000 22.000000 93.000000 22.000000 96.000000 
7 3 22.390000 93.370000 20.000000 92.000000 16.000000 96.000000 
